PMLPS,4,1427288884.225,661.684,-60.783,-2.50,0.00
PMLPS,4,1427288884.352,661.684,-60.783,-2.50,0.00
PMLPS,4,1427288884.483,661.684,-60.783,-2.50,0.00
PMLPS,4,1427288884.593,661.684,-60.783,-2.50,0.00
PMLPS,4,1427288884.701,661.684,-60.783,-2.50,0.00
PMLPS,4,1427288884.808,661.684,-60.783,-2.50,0.00
PMLPS,4,1427288884.916,661.684,-60.783,-2.50,0.00
PMLPS,4,1427288885.023,661.684,-60.783,-2.50,0.00
PMLPS,4,1427288885.131,661.684,-60.783,-2.50,0.00
PMLPS,4,1427288885.241,661.684,-60.783,-2.50,0.00
PMLPS,4,1427288885.349,661.684,-60.783,-2.50,0.00
PMLPS,4,1427288885.458,661.684,-60.783,-2.50,0.00
PMLPS,4,1427288885.566,661.684,-60.783,-2.50,0.00
PMLPS,4,1427288885.672,661.684,-60.783,-2.50,0.00
PMLPS,4,1427288885.779,661.684,-60.783,-2.50,0.00
PMLPS,4,1427288885.886,661.684,-60.783,-2.50,0.00
PMLPS,4,1427288885.996,661.684,-60.783,-2.50,0.00
PMLPS,4,1427288886.104,661.684,-60.783,-2.50,0.00
PMLPS,4,1427288886.211,661.684,-60.783,-2.50,0.00
PMLPS,4,1427288886.319,661.684,-60.783,-2.50,0.00
PMLPS,4,1427288886.427,661.684,-60.783,-2.50,0.00
PMLPS,4,1427288886.535,661.684,-60.783,-2.50,0.00
PMLPS,4,1427288886.644,661.684,-60.783,-2.50,0.00
PMLPS,4,1427288886.751,661.684,-60.783,-2.50,0.00
PMLPS,4,1427288886.860,661.684,-60.783,-2.50,0.00
PMLPS,4,1427288886.967,661.684,-60.783,-2.50,0.00
PMLPS,4,1427288887.075,661.684,-60.783,-2.50,0.00
PMLPS,4,1427288887.185,661.684,-60.783,-2.50,0.00
PMLPS,4,1427288887.292,661.684,-60.783,-2.50,0.00
PMLPS,4,1427288887.399,661.684,-60.783,-2.50,0.00
PMLPS,4,1427288887.508,661.684,-60.783,-2.50,0.00
PMLPS,4,1427288887.623,661.684,-60.783,-2.51,0.00
PMLPS,4,1427288887.735,661.684,-60.783,-2.50,0.00
PMLPS,4,1427288887.844,661.684,-60.783,-2.51,0.00
PMLPS,4,1427288887.951,661.684,-60.783,-2.51,0.00
PMLPS,4,1427288888.060,848.275,-70.763,3.06,0.00
PMLPS,4,1427288888.167,848.275,-70.763,3.06,0.00
PMLPS,4,1427288888.276,848.275,-70.763,3.06,0.00
PMLPS,4,1427288888.384,848.275,-70.763,3.06,0.00
PMLPS,4,1427288888.493,848.275,-70.763,3.06,0.00
PMLPS,4,1427288888.601,848.275,-70.763,3.06,0.00
PMLPS,4,1427288888.709,847.525,-70.750,3.10,0.00
PMLPS,4,1427288888.910,848.275,-70.763,3.06,0.00
PMLPS,4,1427288889.017,655.970,-64.358,-0.80,0.00
PMLPS,4,1427288889.137,848.275,-70.763,3.06,0.00
PMLPS,4,1427288889.249,848.275,-70.763,3.06,0.00
PMLPS,4,1427288889.364,847.525,-70.750,3.10,0.00
PMLPS,4,1427288889.477,848.275,-70.763,3.06,0.00
PMLPS,4,1427288889.594,847.525,-70.750,3.10,0.00
PMLPS,4,1427288889.704,848.275,-70.763,3.06,0.00
PMLPS,4,1427288889.821,848.275,-70.763,3.06,0.00
PMLPS,4,1427288889.933,847.525,-70.750,3.10,0.00
PMLPS,4,1427288890.050,848.275,-70.763,3.06,0.00
PMLPS,4,1427288890.161,847.525,-70.750,3.10,0.00
PMLPS,4,1427288890.276,848.275,-70.763,3.06,0.00
PMLPS,4,1427288890.389,848.275,-70.763,3.06,0.00
PMLPS,4,1427288890.499,848.275,-70.763,3.06,0.00
PMLPS,4,1427288890.613,848.275,-70.763,3.06,0.00
PMLPS,4,1427288890.723,848.275,-70.763,3.06,0.00
PMLPS,4,1427288890.834,848.275,-70.763,3.06,0.00
PMLPS,4,1427288890.950,848.275,-70.763,3.06,0.00
PMLPS,4,1427288891.061,848.275,-70.763,3.06,0.00
PMLPS,4,1427288891.178,848.275,-70.763,3.06,0.00
PMLPS,4,1427288891.289,847.525,-70.750,3.10,0.00
PMLPS,4,1427288891.399,847.525,-70.750,3.10,0.00
PMLPS,4,1427288891.513,848.275,-70.763,3.06,0.00
PMLPS,4,1427288891.625,848.275,-70.763,3.06,0.00
PMLPS,4,1427288891.732,848.275,-70.763,3.06,0.00
PMLPS,4,1427288891.842,847.525,-70.750,3.09,0.00
PMLPS,4,1427288891.958,848.275,-70.763,3.06,0.00
PMLPS,4,1427288892.069,848.275,-70.763,3.06,0.00
PMLPS,4,1427288892.177,848.275,-70.763,3.06,0.00
PMLPS,4,1427288892.285,848.275,-70.763,3.06,0.00
PMLPS,4,1427288892.392,848.275,-70.763,3.06,0.00
PMLPS,4,1427288892.499,847.525,-70.750,3.10,0.00
PMLPS,4,1427288892.609,848.275,-70.763,3.06,0.00
PMLPS,4,1427288892.718,848.275,-70.763,3.06,0.00
PMLPS,4,1427288892.828,847.525,-70.750,3.09,0.00
PMLPS,4,1427288892.942,847.525,-70.750,3.10,0.00
PMLPS,4,1427288893.052,848.275,-70.763,3.06,0.00
PMLPS,4,1427288893.161,848.275,-70.763,3.06,0.00
PMLPS,4,1427288893.268,848.275,-70.763,3.06,0.00
PMLPS,4,1427288893.377,786.366,-65.973,-1.00,0.00
PMLPS,4,1427288893.484,783.363,-62.827,-1.06,0.00
PMLPS,4,1427288893.594,772.240,-61.403,0.54,0.99
PMLPS,4,1427288893.713,763.912,-47.030,-2.62,0.00
PMLPS,4,1427288893.830,751.392,-49.313,2.24,0.00
PMLPS,4,1427288893.940,740.251,-43.575,0.48,0.00
PMLPS,4,1427288894.057,729.858,-37.854,0.50,0.04
PMLPS,4,1427288894.177,715.027,-29.603,2.24,0.50
PMLPS,4,1427288894.296,705.967,-15.249,-2.65,0.00
PMLPS,4,1427288894.416,688.976,-7.610,-2.70,0.00
PMLPS,4,1427288894.529,672.082,-3.081,-2.80,0.00
PMLPS,4,1427288894.639,648.726,-0.343,-2.84,1.00
PMLPS,4,1427288894.756,628.611,-8.124,1.14,0.00
PMLPS,4,1427288894.866,847.525,-70.750,3.10,0.00
PMLPS,4,1427288894.982,847.525,-70.750,3.10,0.00
PMLPS,4,1427288895.093,848.275,-70.763,3.06,0.00
PMLPS,4,1427288895.201,847.525,-70.750,3.10,0.00
PMLPS,4,1427288895.309,848.275,-70.763,3.06,0.00
PMLPS,4,1427288895.416,847.525,-70.750,3.10,0.00
PMLPS,4,1427288895.524,848.275,-70.763,3.06,0.00
PMLPS,4,1427288895.631,847.525,-70.750,3.10,0.00
PMLPS,4,1427288895.742,848.275,-70.763,3.06,0.00
PMLPS,4,1427288895.850,679.356,-213.131,1.56,0.00
PMLPS,4,1427288895.957,848.275,-70.763,3.06,0.00
PMLPS,4,1427288896.072,848.275,-70.763,3.06,0.00
PMLPS,4,1427288896.183,848.275,-70.763,3.06,0.00
PMLPS,4,1427288896.291,847.525,-70.750,3.10,0.00
PMLPS,4,1427288896.400,848.275,-70.763,3.06,0.00
PMLPS,4,1427288896.517,848.275,-70.763,3.06,0.00
PMLPS,4,1427288896.624,848.275,-70.763,3.06,0.00
PMLPS,4,1427288896.733,848.275,-70.763,3.06,0.00
PMLPS,4,1427288896.852,852.295,-216.618,0.42,0.00
PMLPS,4,1427288896.964,847.525,-70.750,3.10,0.00
PMLPS,4,1427288897.080,848.275,-70.763,3.06,0.00
PMLPS,4,1427288897.192,848.275,-70.763,3.06,0.00
PMLPS,4,1427288897.308,848.275,-70.763,3.06,0.00
PMLPS,4,1427288897.419,847.525,-70.750,3.09,0.00
PMLPS,4,1427288897.536,847.525,-70.750,3.10,0.00
PMLPS,4,1427288897.654,847.525,-70.750,3.10,0.00
PMLPS,4,1427288897.766,848.275,-70.763,3.06,0.00
PMLPS,4,1427288897.884,848.275,-70.763,3.06,0.00
PMLPS,4,1427288897.995,857.278,-185.058,-1.21,0.00
PMLPS,4,1427288898.105,855.774,-182.571,0.25,0.00
PMLPS,4,1427288898.221,853.526,-180.063,0.26,0.00
PMLPS,4,1427288898.332,850.521,-175.699,0.27,0.00
PMLPS,4,1427288898.448,848.255,-170.742,-2.90,0.00
PMLPS,4,1427288898.559,842.991,-162.642,-2.91,0.00
PMLPS,4,1427288898.667,836.987,-155.134,-2.89,0.00
PMLPS,4,1427288898.775,825.748,-143.204,-2.88,0.00
PMLPS,4,1427288898.886,848.275,-70.763,3.06,0.00
PMLPS,4,1427288899.001,847.525,-70.750,3.10,0.00
PMLPS,4,1427288899.112,848.275,-70.763,3.06,0.00
PMLPS,4,1427288899.222,848.275,-70.763,3.06,0.00
PMLPS,4,1427288899.329,848.275,-70.763,3.06,0.00
PMLPS,4,1427288899.444,726.689,-68.031,-2.96,0.00
PMLPS,4,1427288899.555,718.448,-57.427,-3.00,0.00
PMLPS,4,1427288899.664,719.041,-49.424,-2.96,0.00
PMLPS,4,1427288899.773,725.530,-42.734,0.22,0.00
PMLPS,4,1427288899.888,734.222,-34.823,-2.88,0.00
PMLPS,4,1427288899.998,737.845,-31.158,0.27,0.05
PMLPS,4,1427288900.108,740.076,-32.429,0.29,0.02
PMLPS,4,1427288900.218,740.881,-36.776,-2.86,0.01
PMLPS,4,1427288900.332,742.480,-44.845,0.29,0.00
PMLPS,4,1427288900.442,744.096,-54.142,-2.85,0.70
PMLPS,4,1427288900.553,746.503,-67.142,-1.10,0.59
PMLPS,4,1427288900.661,748.851,-76.426,-1.10,0.99
PMLPS,4,1427288900.768,749.771,-88.747,-1.08,0.20
PMLPS,4,1427288900.877,746.972,-97.903,-2.72,0.00
PMLPS,4,1427288900.994,739.770,-106.337,0.41,0.02
PMLPS,4,1427288901.113,728.913,-113.447,2.07,0.96
PMLPS,4,1427288901.222,710.087,-120.967,2.03,0.93
PMLPS,4,1427288901.333,695.654,-126.119,2.02,0.95
PMLPS,4,1427288901.448,678.367,-130.580,1.98,0.78
PMLPS,4,1427288901.560,848.275,-70.763,3.06,0.00
PMLPS,4,1427288901.668,848.275,-70.763,3.06,0.00
PMLPS,4,1427288901.778,848.275,-70.763,3.06,0.00
PMLPS,4,1427288901.893,848.275,-70.763,3.06,0.00
PMLPS,4,1427288902.002,511.969,-133.292,-0.71,0.00
PMLPS,4,1427288902.120,847.525,-70.750,3.09,0.00
PMLPS,4,1427288902.233,847.525,-70.750,3.10,0.00
PMLPS,4,1427288902.340,848.275,-70.763,3.06,0.00
PMLPS,4,1427288902.447,848.275,-70.763,3.06,0.00
PMLPS,4,1427288902.556,848.275,-70.763,3.06,0.00
PMLPS,4,1427288902.663,848.275,-70.763,3.06,0.00
PMLPS,4,1427288902.773,848.275,-70.763,3.06,0.00
PMLPS,4,1427288902.889,848.275,-70.763,3.06,0.00
PMLPS,4,1427288902.999,848.275,-70.763,3.06,0.00
PMLPS,4,1427288903.107,847.525,-70.750,3.10,0.00
PMLPS,4,1427288903.215,848.275,-70.763,3.06,0.00
PMLPS,4,1427288903.325,847.525,-70.750,3.10,0.00
PMLPS,4,1427288903.440,848.275,-70.763,3.06,0.00
PMLPS,4,1427288903.551,847.525,-70.750,3.10,0.00
PMLPS,4,1427288903.659,847.525,-70.750,3.10,0.00
PMLPS,4,1427288903.769,848.275,-70.763,3.06,0.00
PMLPS,4,1427288903.886,847.525,-70.750,3.10,0.00
PMLPS,4,1427288904.004,847.525,-70.750,3.10,0.00
PMLPS,4,1427288904.119,848.275,-70.763,3.06,0.00
PMLPS,4,1427288904.235,848.275,-70.763,3.06,0.00
PMLPS,4,1427288904.355,848.275,-70.763,3.06,0.00
PMLPS,4,1427288904.463,848.275,-70.763,3.06,0.00
PMLPS,4,1427288904.571,848.275,-70.763,3.06,0.00
PMLPS,4,1427288904.679,848.275,-70.763,3.06,0.00
PMLPS,4,1427288904.790,848.275,-70.763,3.06,0.00
PMLPS,4,1427288904.906,848.275,-70.763,3.06,0.00
PMLPS,4,1427288905.017,847.525,-70.750,3.10,0.00
PMLPS,4,1427288905.124,847.525,-70.750,3.10,0.00
PMLPS,4,1427288905.230,848.275,-70.763,3.06,0.00
PMLPS,4,1427288905.340,847.530,-71.372,3.12,0.00
PMLPS,4,1427288905.449,847.525,-70.750,3.09,0.00
PMLPS,4,1427288905.557,847.525,-70.750,3.09,0.00
PMLPS,4,1427288905.665,847.525,-70.750,3.09,0.00
PMLPS,4,1427288905.773,847.525,-70.750,3.09,0.00
PMLPS,4,1427288905.881,847.525,-70.750,3.09,0.00
PMLPS,4,1427288905.988,847.525,-70.750,3.09,0.00
PMLPS,4,1427288906.096,847.525,-70.750,3.09,0.00
PMLPS,4,1427288906.204,848.275,-70.763,3.06,0.00
PMLPS,4,1427288906.312,847.525,-70.750,3.09,0.00
PMLPS,4,1427288906.429,847.525,-70.750,3.09,0.00
PMLPS,4,1427288906.541,847.525,-70.750,3.09,0.00
PMLPS,4,1427288906.649,847.525,-70.750,3.10,0.00
PMLPS,4,1427288906.758,847.525,-70.750,3.10,0.00
PMLPS,4,1427288906.872,847.525,-70.750,3.09,0.00
PMLPS,4,1427288906.983,847.525,-70.750,3.09,0.00
PMLPS,4,1427288907.093,848.275,-70.763,3.06,0.00
PMLPS,4,1427288907.201,847.525,-70.750,3.09,0.00
PMLPS,4,1427288907.307,847.525,-70.750,3.09,0.00
PMLPS,4,1427288907.414,847.525,-70.750,3.09,0.00
PMLPS,4,1427288907.525,847.525,-70.750,3.09,0.00
PMLPS,4,1427288907.632,848.275,-70.763,3.06,0.00
PMLPS,4,1427288907.739,847.530,-71.372,3.12,0.00
PMLPS,4,1427288907.848,847.525,-70.750,3.09,0.00
PMLPS,4,1427288907.954,847.525,-70.750,3.09,0.00
PMLPS,4,1427288908.063,847.525,-70.750,3.09,0.00
PMLPS,4,1427288908.170,847.530,-71.372,3.12,0.00
PMLPS,4,1427288908.279,847.525,-70.750,3.10,0.00
PMLPS,4,1427288908.389,847.525,-70.750,3.09,0.00
PMLPS,4,1427288908.497,847.525,-70.750,3.09,0.00
PMLPS,4,1427288908.605,847.525,-70.750,3.10,0.00
PMLPS,4,1427288908.713,847.530,-71.372,3.12,0.00
